function [TMRindex , reactGains , notReactGains] = getBehav_OL_CA()

TMRindex = [-3.155650  15.197196  -1.259831  -6.538513  -1.609181  -5.965735  -9.251061 ...
    -3.494834   8.546388   1.545399   3.513984  -6.659823 -21.601077   7.000884 ... 
    -24.021059  -3.413978 -28.871982]; 

reactGains = [  8.8365579   4.3054112  10.8080388   8.8091340  11.9999055   8.9831067 ... 
    17.7541807   4.6623209  -0.6452166   0.5290926   2.7390382  10.5382277 ... 
    -6.8959056 -22.5637488  16.0650634   4.3694402 -17.9365968]; 

notReactGains=  [ 11.9922082 -10.8917848  12.0678701  15.3476467  13.6090869  14.9488415 ...
    27.0052413   8.1571547  -9.1916050  -1.0163063  -0.7749456  17.1980504 ... 
    14.7051713 -29.5646323  40.0861223   7.7834177  10.9353849 ];
